The following training was conducted:

DATA_NAME: CIFAR10
EPOCHS: 50
BATCH_SIZE: 64
LR: 0.01
NUM_TRAIN_DATA: 10000
NUM_TEST_DATA: 1000
IID: True
Duration: 1 minutes 35 seconds

Results: 

Accs: [0.187, 0.209, 0.216, 0.232, 0.22, 0.225, 0.247, 0.209, 0.265, 0.255, 0.236, 0.28, 0.249, 0.269, 0.283, 0.277, 0.303, 0.273, 0.21, 0.279, 0.265, 0.294, 0.261, 0.245, 0.279, 0.262, 0.231, 0.262, 0.276, 0.283, 0.277, 0.27, 0.275, 0.27, 0.278, 0.233, 0.267, 0.279, 0.268, 0.271, 0.287, 0.252, 0.283, 0.28, 0.277, 0.266, 0.279, 0.209, 0.287, 0.22]
Losses: [2.0644499883055687, 1.9975468888878822, 1.989183932542801, 2.1796863302588463, 2.011514276266098, 1.9739531502127647, 1.963593915104866, 2.002335511147976, 1.9314071536064148, 1.9900783747434616, 2.0112662464380264, 1.8981889113783836, 1.9756507128477097, 1.9512780383229256, 2.0470073372125626, 1.9135556295514107, 1.9715012162923813, 1.9314136430621147, 1.9895000085234642, 1.9426363557577133, 1.9657174721360207, 1.936815969645977, 1.9399597197771072, 2.0414282083511353, 1.9443847686052322, 1.9321979731321335, 2.0079026371240616, 1.9849388599395752, 1.9683473259210587, 1.9460904523730278, 1.9697812721133232, 1.9602679759263992, 1.9797235801815987, 2.212278090417385, 1.9872660487890244, 1.975477248430252, 2.0151209086179733, 1.952821984887123, 2.0353791564702988, 2.04805226624012, 1.9639905616641045, 2.4231808930635452, 1.9860096275806427, 2.0284684896469116, 2.0767800584435463, 2.2479007616639137, 2.106451563537121, 2.093689888715744, 2.1118993312120438, 2.322900265455246]
