The following training was conducted:

DATA_NAME: CIFAR100
EPOCHS: 100
BATCH_SIZE: 64
LR: 0.01
NUM_TRAIN_DATA: 10000
NUM_TEST_DATA: 1000
IID: True
Duration: 3 minutes 35 seconds

Results: 

Accs: [0.009, 0.013, 0.015, 0.012, 0.019, 0.01, 0.011, 0.006, 0.008, 0.01, 0.009, 0.012, 0.015, 0.007, 0.015, 0.008, 0.01, 0.007, 0.007, 0.008, 0.01, 0.017, 0.008, 0.007, 0.006, 0.006, 0.011, 0.008, 0.015, 0.015, 0.01, 0.006, 0.006, 0.019, 0.015, 0.01, 0.011, 0.015, 0.01, 0.017, 0.008, 0.01, 0.006, 0.013, 0.008, 0.007, 0.011, 0.011, 0.019, 0.011, 0.009, 0.01, 0.007, 0.01, 0.01, 0.009, 0.009, 0.009, 0.007, 0.01, 0.01, 0.01, 0.009, 0.006, 0.007, 0.012, 0.013, 0.007, 0.015, 0.009, 0.009, 0.013, 0.015, 0.015, 0.01, 0.007, 0.01, 0.009, 0.007, 0.015, 0.019, 0.009, 0.007, 0.008, 0.01, 0.009, 0.019, 0.013, 0.019, 0.019, 0.014, 0.004, 0.009, 0.006, 0.019, 0.012, 0.019, 0.013, 0.019, 0.019]
Accs[-1]: 0.019
Losses: [4.614370375871658, 4.637882232666016, 4.611842304468155, 4.613568097352982, 4.609363257884979, 4.625410586595535, 4.61606639623642, 4.625450074672699, 4.627858608961105, 4.623845785856247, 4.614258229732513, 4.624129503965378, 4.624447464942932, 4.620975494384766, 4.617084860801697, 4.624255508184433, 4.6183120906353, 4.621913909912109, 4.622275680303574, 4.653623253107071, 4.618182957172394, 4.6102418303489685, 4.615493029356003, 4.621878981590271, 4.617919981479645, 4.6177888214588165, 4.621662825345993, 4.619163483381271, 4.621537089347839, 4.620451182126999, 4.614710032939911, 4.615607529878616, 4.621719658374786, 4.618292540311813, 4.621341794729233, 4.631126880645752, 4.6312572956085205, 4.615370333194733, 4.61753311753273, 4.624907463788986, 4.6223456263542175, 4.62075662612915, 4.6177224814891815, 4.6361806988716125, 4.614383012056351, 4.614081591367722, 4.638960540294647, 4.611469984054565, 4.617009162902832, 4.621503382921219, 4.626959711313248, 4.625529497861862, 4.61061817407608, 4.617705702781677, 4.623678028583527, 4.626459032297134, 4.632348299026489, 4.6204372346401215, 4.628507345914841, 4.6351474821567535, 4.6163332760334015, 4.62374621629715, 4.620721697807312, 4.6127325892448425, 4.622745513916016, 4.621441721916199, 4.6101038455963135, 4.618365913629532, 4.623574107885361, 4.628879547119141, 4.624154657125473, 4.629617482423782, 4.628955155611038, 4.622627824544907, 4.61446949839592, 4.627437651157379, 4.611455261707306, 4.612857311964035, 4.613203525543213, 4.609721302986145, 4.618207961320877, 4.619620472192764, 4.621217727661133, 4.619466483592987, 4.616784304380417, 4.618455916643143, 4.61269798874855, 4.614656150341034, 4.6274760365486145, 4.61801278591156, 4.632883995771408, 4.614622503519058, 4.620579093694687, 4.624946087598801, 4.611801505088806, 4.615345299243927, 4.619721591472626, 4.63174307346344, 4.609115868806839, 4.61628845334053]
Losses[-1]: 4.61628845334053