The following training was conducted:

DATA_NAME: CIFAR100
EPOCHS: 100
BATCH_SIZE: 64
LR: 0.01
NUM_TRAIN_DATA: 10000
NUM_TEST_DATA: 5000
IID: True
Duration: 3 minutes 34 seconds

Results: 

Accs: [0.0102, 0.0098, 0.008, 0.008, 0.01, 0.01, 0.0102, 0.0102, 0.0114, 0.0112, 0.0106, 0.0092, 0.0112, 0.0098, 0.0096, 0.01, 0.0108, 0.0118, 0.0096, 0.0098, 0.0102, 0.0106, 0.01, 0.0108, 0.011, 0.0098, 0.0102, 0.0106, 0.0116, 0.011, 0.01, 0.0094, 0.0102, 0.0096, 0.0102, 0.0102, 0.008, 0.0112, 0.0086, 0.009, 0.0106, 0.0102, 0.0098, 0.0092, 0.0094, 0.0102, 0.008, 0.0098, 0.009, 0.0098, 0.0098, 0.0098, 0.0094, 0.0098, 0.0094, 0.0096, 0.0098, 0.012, 0.0098, 0.0092, 0.01, 0.0116, 0.0102, 0.01, 0.0104, 0.0096, 0.0098, 0.0116, 0.0086, 0.009, 0.0094, 0.0094, 0.0098, 0.0086, 0.0096, 0.0098, 0.0096, 0.008, 0.0098, 0.008, 0.0118, 0.0096, 0.0106, 0.0116, 0.0098, 0.0112, 0.0098, 0.0116, 0.0104, 0.0118, 0.0088, 0.0096, 0.0094, 0.0098, 0.0098, 0.0098, 0.0102, 0.0092, 0.0096, 0.0086]
Losses: [4.616257498535929, 4.62514329861991, 4.615999264053151, 4.620289289498631, 4.621394501456732, 4.621673155434524, 4.622177836261218, 4.625055065637903, 4.612931450711021, 4.624176007282885, 4.6296027581903, 4.625466165663321, 4.622560078584695, 4.628786600088771, 4.624882251401491, 4.628391072719912, 4.638545929631101, 4.617763875405999, 4.616308061382439, 4.620545061328743, 4.62695116936406, 4.620522831059709, 4.617965867247762, 4.627619314797317, 4.619259671319889, 4.62993698482272, 4.615520410899874, 4.614648402491702, 4.622652434095552, 4.618334076072596, 4.619334758082522, 4.630240253255337, 4.628956993923912, 4.635814527922038, 4.632130405570887, 4.623247949382927, 4.627104354810111, 4.623397809040697, 4.626496363289749, 4.6226962005035785, 4.625130599058127, 4.6240520960168, 4.6208051065855384, 4.620224789728092, 4.628772596769695, 4.624241889277591, 4.624682444560377, 4.620808879031411, 4.633701089062268, 4.638297171532353, 4.634371473819395, 4.617024476015115, 4.617701645138897, 4.61991902242733, 4.614449362211589, 4.616773653633987, 4.623227016835273, 4.617340800128406, 4.617672449425806, 4.6159636280204674, 4.6366518056845365, 4.615855893002281, 4.620754501487635, 4.621078448959544, 4.617906992948508, 4.619960851307157, 4.623758183249945, 4.621296707587906, 4.62182972702799, 4.622334878655929, 4.62546411948868, 4.615538434137272, 4.622357072709482, 4.62390725220306, 4.620829570142528, 4.637160941015316, 4.619092204902746, 4.627841708026355, 4.62785464298876, 4.621628863902032, 4.623218645023394, 4.6233805946156945, 4.6213592939738986, 4.628891347329827, 4.6246730587150475, 4.621736930895455, 4.627463515800766, 4.622499508193776, 4.6228870017619075, 4.617940329298189, 4.633066509343401, 4.612163839460928, 4.622905242292187, 4.616388924514191, 4.616801098932194, 4.620586823813523, 4.618794755090641, 4.6285673998579195, 4.626771824269355, 4.621024614647974]
