The following training was conducted:

DATA_NAME: CIFAR10
EPOCHS: 100
BATCH_SIZE: 64
LR: 0.01
NUM_TRAIN_DATA: 10000
NUM_TEST_DATA: 1000
IID: True
Duration: 3 minutes 31 seconds

Results: 

Accs: [0.257, 0.305, 0.304, 0.315, 0.301, 0.336, 0.313, 0.372, 0.333, 0.338, 0.371, 0.373, 0.358, 0.375, 0.372, 0.378, 0.335, 0.334, 0.388, 0.372, 0.338, 0.362, 0.35, 0.367, 0.38, 0.359, 0.394, 0.392, 0.4, 0.408, 0.364, 0.371, 0.385, 0.382, 0.359, 0.347, 0.36, 0.386, 0.369, 0.377, 0.367, 0.397, 0.372, 0.413, 0.368, 0.364, 0.317, 0.374, 0.35, 0.35, 0.365, 0.362, 0.376, 0.387, 0.39, 0.386, 0.396, 0.392, 0.355, 0.361, 0.37, 0.364, 0.374, 0.354, 0.374, 0.368, 0.414, 0.366, 0.387, 0.382, 0.396, 0.371, 0.344, 0.368, 0.367, 0.367, 0.371, 0.328, 0.331, 0.359, 0.388, 0.382, 0.381, 0.371, 0.386, 0.363, 0.359, 0.371, 0.381, 0.365, 0.368, 0.336, 0.364, 0.355, 0.363, 0.345, 0.365, 0.392, 0.382, 0.337]
Accs[-1]: 0.337
Losses: [1.995159387588501, 1.8749541267752647, 1.919445239007473, 1.8140227869153023, 1.8516810238361359, 1.7938770279288292, 1.8625482022762299, 1.7380984872579575, 1.8105216845870018, 1.828072227537632, 1.731569118797779, 1.7356386184692383, 1.7260814309120178, 1.7752058282494545, 1.7958448603749275, 1.7519080191850662, 1.9165485054254532, 1.8939966261386871, 1.759287290275097, 1.7295306101441383, 1.916954129934311, 1.855800986289978, 1.8422201573848724, 1.750467136502266, 1.8378743007779121, 1.8548137471079826, 1.78940150141716, 1.8002101182937622, 1.830857314169407, 1.8367800638079643, 1.8694368675351143, 1.9016486704349518, 1.8391361013054848, 1.753599226474762, 1.8819556832313538, 1.96098954975605, 1.8997239470481873, 1.8391922265291214, 1.8950391188263893, 1.8861813247203827, 1.9188775420188904, 1.8541967868804932, 2.0012007281184196, 1.9809874445199966, 1.9080806970596313, 1.972047857940197, 2.05022045224905, 2.0581703782081604, 2.028293341398239, 2.0124650970101357, 1.9062610939145088, 2.0353478640317917, 1.9858382791280746, 2.019597962498665, 1.9926050901412964, 2.048301875591278, 2.0265748351812363, 2.0673971250653267, 2.016747936606407, 2.2512966096401215, 2.013049677014351, 2.1023754850029945, 2.0325096994638443, 2.0646455585956573, 2.122608430683613, 2.0486709251999855, 2.002071753144264, 2.1727520525455475, 2.057289145886898, 2.038938596844673, 1.998877502977848, 2.1027810126543045, 2.12445942312479, 2.073453664779663, 2.2292370349168777, 2.1550169959664345, 2.0076797008514404, 2.446406215429306, 2.2846573665738106, 2.276326224207878, 2.3184487521648407, 2.0330812484025955, 2.173778682947159, 2.393646188080311, 2.0789867490530014, 2.1544614657759666, 2.0930547788739204, 2.1927803978323936, 2.2320039868354797, 2.176331862807274, 2.278772011399269, 2.369093708693981, 2.131544806063175, 2.1753847524523735, 2.2430560663342476, 2.38089033216238, 2.159730650484562, 2.158345505595207, 2.142241634428501, 2.238787703216076]
Losses[-1]: 2.238787703216076