The following training was conducted:

DATA_NAME: MNIST
EPOCHS: 25
BATCH_SIZE: 64
LR: 0.01
NUM_TRAIN_DATA: 2000
NUM_TEST_DATA: 1000
IID: True
Duration: 0 minutes 10 seconds

Results: 

Accs: [0.85, 0.905, 0.939, 0.943, 0.944, 0.953, 0.939, 0.951, 0.956, 0.951, 0.955, 0.949, 0.945, 0.953, 0.957, 0.954, 0.958, 0.955, 0.962, 0.963, 0.964, 0.964, 0.964, 0.964, 0.964]
Accs[-1]: 0.964
Losses: [0.5328095871955156, 0.30700632836669683, 0.23138038371689618, 0.22313540091272444, 0.20676937839016318, 0.19924670341424644, 0.25363474036566913, 0.22544843214564025, 0.2095210113329813, 0.22125857509672642, 0.2160020681039896, 0.2954548476263881, 0.3541555516421795, 0.27213705619215034, 0.25637456151889637, 0.3220860839355737, 0.259877514836262, 0.2872088626027107, 0.28549191233469173, 0.3002406059531495, 0.3008514686807757, 0.30025496957387077, 0.29239681616491, 0.29979830418506026, 0.29215828089945717]
Losses[-1]: 0.29215828089945717