The following training was conducted:

DATA_NAME: CIFAR100
EPOCHS: 50
BATCH_SIZE: 64
LR: 0.01
NUM_TRAIN_DATA: 10000
NUM_TEST_DATA: 1000
IID: True
Duration: 1 minutes 37 seconds

Results: 

Accs: [0.009, 0.006, 0.014, 0.01, 0.012, 0.01, 0.009, 0.009, 0.01, 0.01, 0.013, 0.011, 0.009, 0.009, 0.013, 0.011, 0.01, 0.007, 0.014, 0.012, 0.011, 0.009, 0.009, 0.01, 0.015, 0.011, 0.011, 0.014, 0.009, 0.013, 0.01, 0.01, 0.01, 0.014, 0.01, 0.013, 0.012, 0.012, 0.009, 0.012, 0.011, 0.01, 0.009, 0.013, 0.009, 0.007, 0.01, 0.009, 0.009, 0.007]
Losses: [4.614630877971649, 4.624083250761032, 4.6183392107486725, 4.626983135938644, 4.626990973949432, 4.625527650117874, 4.615578353404999, 4.62112233042717, 4.622162848711014, 4.618630617856979, 4.617460936307907, 4.6112120151519775, 4.61578968167305, 4.612609177827835, 4.620176613330841, 4.612744301557541, 4.616732239723206, 4.620019376277924, 4.611580550670624, 4.636348366737366, 4.62963080406189, 4.618252664804459, 4.612273961305618, 4.615658402442932, 4.619039952754974, 4.632621467113495, 4.6284604370594025, 4.633541405200958, 4.614678293466568, 4.631917029619217, 4.63060137629509, 4.619936615228653, 4.621042758226395, 4.620383322238922, 4.6243380308151245, 4.626241981983185, 4.638651013374329, 4.619957119226456, 4.629330992698669, 4.624135136604309, 4.615980386734009, 4.616735458374023, 4.627480834722519, 4.622564196586609, 4.621107816696167, 4.630550146102905, 4.620743483304977, 4.616039216518402, 4.61395075917244, 4.622624009847641]
